1	9312.035818521774	0.11034173388397277	3.8270879033999035	4041.5037237643214
2	39503.92011514607	0.09748026543580668	0.06336629557489745	47861.359092949104
3	42950.86105254112	0.35001723264935103	0.09127914962482038	7959.1762834563215
4	24884.359140365974	0.2026089201905402	0.1480524853147275	37040.35765493158
5	3295.6747589530105	0.01439993832160798	0.7090766598958557	5253.0065112835
6	13300.637407211845	0.09518223341469975	0.05019433620668707	12175.318773897288
7	16388.313455794443	0.026151202546032763	4.14114821278351	24923.59548981466
8	38853.99110131584	0.4975914503400615	1.5198517278066888	21729.489065451384
9	31289.59101661806	0.10619866983984684	0.13763547601600207	16799.46713605614
10	8550.921555407387	0.042528078825974806	0.20711351616002588	48092.084074608334
11	31839.16358957938	0.34457191849265933	0.05764398290569249	21250.297160111644
12	45958.86603407462	0.4588689078110443	0.112087249847929	31380.203308894255
13	45508.75466874317	0.03236247221837562	0.74906763609358	8455.153300505983
14	5431.555476475684	0.08743152117622238	0.24183653975289518	5188.364614853842
15	41429.6783556354	0.016170408415938232	0.13738072612282556	43817.94960054932
16	21720.52103290577	0.10297397615949021	3.5967548998556143	43665.59534544165
17	38124.27392921263	0.8216698415084711	0.01796440226619097	32799.90418924601
18	25776.378467468403	0.05839590396012161	0.5942196149890462	45626.12823634337
19	8910.319087548274	0.07097387883259841	0.03565821167886154	39972.773224248034
20	4166.88053416376	0.02019599680728347	1.9793570460928187	47575.74545949343
21	47315.21901996226	0.9257312832005584	0.2885634349087399	26820.759097894243
22	1261.320661993615	1.2570561982924784	0.7863426184899828	19001.73945349296
23	44263.38523841929	0.032231045266773346	0.16855949472606038	46674.2080920457
24	40912.845174291004	0.07652587451418094	0.014758251237992395	1068.4531642553438
25	45208.50927409263	0.15794526416238167	0.9535395621011109	49672.96974402059
26	47509.217597504554	0.014799026833424885	0.16784056192954605	35981.41258506387
27	23801.33548414836	0.017277674265248556	0.06039041982180872	47775.51758638107
28	6968.632905682441	0.05333188632915138	0.623074584383187	6634.378793916795
29	18582.15530244302	0.01631484318479465	0.09912878211350121	39549.17548717988
30	49400.19338502387	0.019500686535948223	0.08013729185272458	32410.083838711453
31	48991.99907402901	1.0365955936392868	0.25577875859998855	12849.54835402255
32	7494.991572224113	0.1099867156175187	0.03642812993432796	11591.691965384256
33	17493.332930657656	1.5818911376030615	0.38473139347305646	3717.775593503434
34	44155.67281454322	1.4949194399650076	1.345930456797703	37284.7622377942
35	31946.765553286023	0.16943278026323597	0.10952212987232152	2159.8353048917807
36	7634.246297360649	0.2208836689437022	1.0593746748812052	7256.646546157902
37	30979.281019683403	0.20645327960112522	0.10724950599909558	20559.175103551916
38	18337.326385962187	0.09313507064581528	0.018432847648852797	27693.713737879443
39	34545.7984212124	1.4728639172227185	0.10205309416550744	28775.72276887147
40	22266.44533415943	0.6325829840183329	0.010060659542841561	19287.93702473436
41	33105.19771978777	0.9031838643231764	0.9679220790401485	36030.55749542405
42	46205.29358672303	0.14381265094345444	0.05011401545105607	13333.421083039186
43	2470.4580644773696	0.03961105545426236	0.16619807886978927	1888.2069598298121
44	49212.56884234445	0.5223857518592678	2.5343174201226426	33773.54945066335
45	22593.45261332159	0.07178288416158644	3.7207447406933074	47253.77123201245
46	14748.606913875177	0.07134976035528619	0.18279731508370262	34682.04774255906
47	4095.109028638212	0.012410498105422394	0.09753377049079215	23724.355191145663
48	40408.62992315112	0.025967241072017692	0.02458826200822008	39873.79104521791
49	39975.92385841813	0.060049930151942564	0.13614396379848198	37264.08490099475
50	22757.37372422979	0.018388707069719602	0.039264609980912815	31686.36075849597
51	19436.71717505761	0.05314009072911129	0.1224045066324977	22345.341575270177
52	22373.49002271881	0.010437781682252347	0.019380289849710054	17463.95119902579
53	12034.917521268535	0.08156495762771955	0.5294062302540994	7101.666065233449
54	36260.09005560747	1.977332100079384	2.5591583203619077	30459.07073458205
55	18920.999720741194	0.013188731340660254	0.2780891428130771	24431.685548056197
56	36868.96161675634	0.16058439667648278	0.321798376854115	35413.68365914085
57	42528.730271023014	0.11606570653214528	0.012376330189914572	9781.509148992434
58	31568.173892188443	1.3750071570160658	2.76613669546547	32750.18184406631
59	12562.278826961863	0.05427025503452085	0.2747918425178485	14731.135140382132
60	6585.025392790793	1.227937611921478	0.8570952940715492	24909.427518106913
61	29726.13051516385	0.0895673795021125	1.4504670360552745	28133.72964912696
62	39983.243624612056	0.9891195488180153	0.8713125520300672	39752.64497474326
63	30132.41686361739	1.7240099440628835	0.48671564429412484	27558.46854136946
64	15812.59239951737	0.013022543606257694	1.4103432142157106	5463.01131461539
65	41280.266167196016	1.4652622773024642	0.03202981231808179	9323.583964813542
66	26787.552149573432	0.3840483704508197	2.2642631157924202	48179.09045422103
67	39048.43540057621	0.6522443157123226	0.010337504591785103	49283.433646194404
68	33853.42016333367	1.3404514494523045	3.0363913652912857	5691.760510572869
69	49933.97931005445	1.0845507325353443	0.1255099652115661	30949.205421348317
70	47809.615475870225	0.19332891098583616	0.05612551580735156	49150.94349266878
71	9524.674779285606	0.38506767937037445	0.2894380620248929	43914.23784325588
72	34969.94571629909	0.22513563508072018	0.01834432794284288	27557.16036979492
73	41238.233546720025	0.43688326757108714	2.933545786316726	11981.35979775225
74	29324.81881628139	0.010074310262540688	2.2484776531025896	23824.569296777245
75	21068.51004602501	1.616325524462624	1.965593277656671	48912.099921324305
76	35821.11651978251	0.05192412347156389	0.10280450158742462	18018.56352147507
77	48062.19473212177	0.1402306377594183	0.3610139450467586	24481.680268324282
78	37883.840621258256	0.9815164819318863	0.24449003041867606	24586.301029422222
79	24767.56019497065	0.010453993856516164	0.213702384624394	11730.857122570258
80	10129.507392503368	0.9467390888702181	0.42173036582607704	14349.838319502063
81	26399.612422483457	0.012857138298669999	0.10440452310664203	26956.116090646086
82	28140.941484702103	0.19171451223087907	0.7239087045518353	33502.217328552644
83	8743.48278249435	0.01122128270947231	1.0927155998341163	9354.514335926142
84	1257.4493562500816	0.22043826637846287	1.2469242936836704	9835.29767543058
85	16548.40553879771	0.041666067470048286	0.3525369647279189	15066.134662402124
86	1119.8226802826719	0.02548359505197601	0.7066265847660025	6977.196572961825
87	20373.795361390006	0.3120724764113006	0.13616342761322558	49195.9333226664
88	33506.75064653217	0.07050897630650654	0.6959727030248909	21787.462301187785
89	22981.282995613135	0.11618184042416939	1.1842618247843677	38798.37117390304
90	47062.29263853495	0.027859687427060333	0.03762079203490026	13229.288722621299
91	23633.967447224648	0.5207136150905533	1.334943243071328	24164.993872743587
92	27752.79633601821	0.1696111667424772	0.42208254434371967	11340.651784799365
93	24169.37033805119	0.04267281153189862	2.487040145087395	16046.498252772573
94	22205.22667238328	0.4691050154329301	0.3476527101537012	30559.107295994825
95	21708.494609327776	0.03224944995174545	0.15595513326962585	7671.389672156238
96	38273.98100695084	1.5844128271537654	0.2650077677045436	32620.092123237653
97	12789.668064730471	1.2153236948921262	0.9639994401026012	7292.207454107318
98	47537.75658335683	0.10146477774318284	3.990667520117454	35157.788678397395
99	38402.98700031816	0.4035637742561178	0.17000814462909883	39597.67211142611
100	22672.07977088295	0.7185268441202045	2.812004898069361	2791.8150732292943
101	33655.91598497455	0.07749981286500672	4.3264557546049565	29402.442419114202
102	29363.272755004753	0.015808093504047407	0.06619267281909022	26209.546617661163
103	15924.067472112294	0.20006445193455363	0.5423760850138194	37253.467374275206
104	11627.970603846978	0.5140931008241714	0.2214317403598771	37451.13341371207
105	49358.678218053574	0.11870612409988515	0.7493394539564281	16546.738950835927
106	29468.98331797887	0.025712220599503916	0.03649130056141634	1720.7429478412432
107	32258.49429155159	0.03731671951965005	0.014371169902204241	38344.66103922454
108	5594.559883880747	0.06751498479598823	4.607088131907341	1939.311312684928
109	28690.202455004954	0.22749442551645835	0.14679048810585435	2265.855910418703
110	19820.555432804085	0.14106879031649455	0.047567695550507716	3543.6949828137235
111	17585.518945212043	0.09987119748838617	0.1113131828711618	21847.213548844495
112	4716.538227701258	1.769371373619274	0.016770906120873567	1463.626285009298
113	2134.0632821027307	0.1972911196436738	0.5485968465441445	31416.820556054212
114	22659.842037537448	0.09076133186026969	0.9287911782049497	32683.36841116221
115	26950.3861565509	0.3100107791971267	0.016612709587274104	9968.966284839202
116	39290.28262318432	0.06508453947797152	0.025387697749793065	27830.687627065527
117	28983.74307791295	0.13480759078249463	0.20602170202720227	8224.1439007628
118	1851.0537669769178	1.0692671805369478	4.830588917433202	45378.11357420024
119	33351.1511449369	0.3750996784687691	0.05018082163703614	46933.101725113745
120	16452.84468078823	0.1986996192303318	1.1117664995464889	8132.9043116477815
121	11619.10216538592	1.7132182515008358	0.05876392755989288	26364.68360005522
122	34171.96227962907	0.34018926280836076	0.024135360198580758	13249.810198915739
123	40218.67773134285	0.12046338115437066	0.44079968426276517	20337.434323275702
124	45720.94035208885	1.1260754370461994	0.11379164776671358	4012.302368076777
125	38831.369200926	0.04788305403172058	0.14238050656748846	18610.929143305606
126	26481.44681300945	1.0465772002609124	0.8859934182732464	35193.49424374621
127	6126.493686812494	1.1095929806865936	0.07369637484013743	43766.61245673941
128	18183.75812424809	0.029136172310224254	0.01837994395915467	35128.49985136494
129	28603.124545220224	0.039235627006127045	0.018665838149471915	46698.85234073585
130	12546.916637959888	0.04047335050799594	0.8488649413111391	35500.98861290835
131	7165.390193088414	0.011335999219537683	0.24908845515133343	40027.185382143594
132	49256.672581239	0.44007111884693284	0.9158084948528533	43134.87477046369
133	40757.37729799838	0.028149953634443867	0.02481138101947796	35842.022292551475
134	31988.550417754104	0.054982414432774726	0.2784765031258496	26273.66375411765
135	13783.205671910906	0.09677660077860145	0.05499575721138154	23089.330054529215
136	4490.748169470594	0.030455990175993302	1.0627641446988934	6303.872550204107
137	31349.272514039738	0.04524028033544046	0.8996555688711719	15923.980701007256
138	28494.228048995432	0.025525627748588336	0.07446896657058902	35119.71030148703
139	44111.072205458695	0.01124917870988766	0.07654015263803222	16000.007970342695
140	7146.037217651378	0.01826048025639473	0.015949591578711425	17022.900759798213
141	5653.088099355764	0.02061024712346328	0.4129159655953742	49536.72753889866
142	6266.765730976734	0.09082935559522617	0.03811609091393712	26208.838621259667
143	1346.8478701018905	0.3590377088511223	2.9185217109990513	36105.926516677144
144	22280.421772196816	0.3279807936294926	0.4062324765400222	44332.205361156055
145	26330.97782637706	0.19150423337271733	1.0315636170289768	16654.522880896202
146	48861.91956017765	0.4527216042088897	0.013138566052799228	25739.367299745536
147	47941.18620254491	0.01712697898235458	3.5875772557925245	43114.73798478332
148	41882.816599531005	1.7174743995900148	0.022115454750092498	7721.247335531473
149	7499.7547617181135	0.7726824870241626	1.0584810730858003	14614.589986138777
150	28988.002135527073	0.33976191279811635	3.444332503702195	46221.00350989087
151	6897.180796291117	0.05993297749807512	0.026001410119844748	34878.213115982886
152	18340.972979656563	0.5999221851302169	0.019884579708831465	2080.1741020999416
153	44075.828191604596	0.06470857660453846	0.027702205660101533	45350.81609241192
154	38604.60047207984	0.033000943524188954	0.01415691007140786	35944.45419625946
155	28918.145812783932	0.17485922243703525	0.02065110167415702	25642.346006249398
156	41028.608538873756	0.06255313434784923	3.4691785273868976	45574.655429152626
157	18767.60737196324	1.2065192350650615	1.345262835446846	9037.981159802192
158	31819.52165952413	0.04170484441525436	1.6276033446395655	17127.3944355854
159	36484.63941380441	0.8882081173319474	1.0108554598151027	21514.35868345626
160	10778.488398468622	0.6408862347508835	2.468864803011371	10078.258823923234
161	41586.89710838644	0.012507190463358743	0.014351279544858396	32521.041158479096
162	40011.38881369384	0.631727653152848	0.9675156115519231	48401.20459144041
163	44441.75034492434	0.16913756595864224	0.03676154135139515	34286.20543244591
164	11085.697485608252	0.3574104689233297	1.4685813108080743	28715.641926612883
165	15661.97403515102	0.4686081596385982	0.06288140291595942	18936.621948383545
166	12769.979959956994	1.9666725308572641	0.041940258259292255	15060.790491077643
167	25922.83733769368	0.9594601428835973	0.027589683141118482	46715.24044789134
168	46924.14818119519	1.897044685859893	1.3403843153081487	17886.904504671245
169	25388.98770615878	0.3866042113328566	0.0826720976345269	9523.440917641088
170	1698.6326482837926	0.013894284396637716	0.08669717245081493	41965.71282379882
171	7189.637695110509	0.021378345896667702	0.015470253110838345	31910.626831565707
172	40666.90601194327	1.7228007666262393	0.09623023301121726	29152.455032699963
173	45461.03687665074	0.11276454259418037	0.19991574312996294	8017.011246654922
174	14275.536285761458	0.09594247761104069	1.6993069719397371	18241.34292073756
175	6433.021723227865	0.03892620987916835	0.2527556244185447	19708.875836501826
176	39232.575521800856	0.08287185096791978	0.08870528754863069	36995.43921522803
177	35128.50796011708	0.5517484542398332	0.029057259373764625	45548.92761153764
178	15067.053519979583	0.01400562819142574	0.061837815137561154	12648.859052944763
179	23825.654393168552	0.4193956245766512	0.026436330538925752	7978.743457766165
180	16139.549295086023	0.5142590364457397	0.2471281040815509	1150.2193942219972
181	12812.71091349413	0.33709950111730685	0.3249339657576295	5026.734941242163
182	32325.30723311097	0.02113154622521573	0.015185703369537973	12943.562759059945
183	25940.53436510074	0.02490781647194763	0.07022117738250705	43683.710342654966
184	41220.425312772684	0.04252156172713414	0.2507197877355996	18099.111419369714
185	9003.614661252608	0.10131106841553486	0.017417434572385412	10127.851154540225
186	2920.83156544633	0.40591862005791723	0.09590026470578104	31753.686457473355
187	45724.5522424961	0.6516026391248192	0.39774392713517087	40112.592072962034
188	6834.286372143266	0.030600453450878886	0.12426240689840681	9585.778214197324
189	35983.51049960149	0.09173605180300456	0.03222027520583729	13366.32229444185
190	9144.28081728849	0.013584968993268633	0.22303020609440422	49246.63581709399
191	34059.949270509715	0.03778469414187974	4.310770794633801	31903.745067493932
192	25722.15674499026	1.3687223260650359	0.08029387801463933	33846.54010241837
193	3173.54196923386	0.047244808325208915	1.7408969902534261	47980.578292348226
194	37124.35442345695	0.30101944081168575	0.3461547709618515	47974.143737094506
195	2540.593577074377	0.6817628082542442	0.7924582386882064	14206.564805635884
196	40375.29289408421	0.4608289136981699	3.4051596900857857	19830.19204802729
197	12227.904434252136	0.019127618208082304	0.062231219934582804	5527.19476041695
198	13389.834013968926	0.631768108492416	1.3937860071680248	7591.865906828317
199	46220.119029153706	0.03741510541300696	0.01190791622160031	29545.50155247341
200	21641.868075251838	1.7819620903848807	0.5711651905355262	14646.591712354168
201	8461.221438492272	0.2396896801359241	4.018349092290476	44212.06251766201
202	38640.20637755197	0.8146334629256634	0.2723643126260021	18932.25119977904
203	25621.60186637772	0.6649318411172701	0.5858331182293445	24645.454467446485
204	44633.29949247411	0.014311122644391137	1.1278670019052297	31184.620293273612
205	17571.88319194005	0.8316807929248153	0.6715707151521169	31249.96920587698
206	20778.25579544477	0.05409626079602635	0.11633300073416271	12180.250417788853
207	36416.818599050945	0.02016470157633578	0.05458290298733611	7226.116619539616
208	35300.39498204766	0.28573051184925113	0.08043111549669198	6341.92967321594
209	34422.63377091654	0.03873160717596766	0.6053554812522236	48926.5286796166
210	17977.4954313905	0.1643791797047491	1.2486468686990368	34405.928552722304
211	4920.991585939332	0.21251186705385228	0.2048806234163966	21752.79182948859
212	12205.516306850715	1.165999660634855	3.4148512708884495	32613.64038610554
213	8065.563944169802	0.1635049745054063	0.022708801082148584	42632.58370494555
214	17757.917499492192	0.07568143158051595	0.5263634773491715	20598.056532476774
215	8208.394041054351	0.24703202848456748	0.02601286422254305	30876.888512643323
216	30568.227289421193	0.2669185488028811	0.21350827792724292	21245.52050227547
217	26588.052137301976	0.11037516446839123	0.14461081964021882	12210.495898257086
218	16498.042636308375	0.02473938694659445	1.3610471169464655	34543.70531531441
219	2974.1885733918352	0.010670843373238993	0.012952962404082325	27831.76239115273
220	25952.714591520453	0.07014206287802777	0.06957445468811992	36515.2735573778
221	26382.354225689032	1.003754596454306	0.44708343594746836	20955.46865351
222	45345.38845325528	0.9927290326198199	0.6312977657870762	6129.694933935585
223	27717.799802338952	1.5354539638726277	2.383391610762171	23504.967672178118
224	12062.281456208884	0.21291538258506829	0.029771686221632475	29722.856450930147
225	17258.512922647784	0.1219534934115718	0.24689522112659668	45544.51613576514
226	14203.626037792092	0.03833336186546051	0.035467472865167944	12867.911070593222
227	34501.325033050794	1.4116619857001735	0.9811910365913765	46239.662386793374
228	45906.65560289055	0.045988348766177065	0.26771126658679056	17199.489508527608
229	35089.60881707959	0.4951929210099689	0.011447630343759565	9992.129524592585
230	49695.024006281965	0.1708060777022008	0.045229700270469984	31797.516796242784
231	27399.743372780005	0.4981345974915246	0.012811429579741546	37539.11242275236
232	48084.387514386486	1.7368416348976163	0.01836003621724923	2105.686136161011
233	24513.20064034132	0.3190258873310789	0.09422406084410007	28519.90018591315
234	22274.188916951218	0.012899641746666964	1.542547294413274	15724.844388594332
235	18500.827617207084	0.019798671846928018	1.1147767356548473	13387.643976547937
236	22008.356787051944	1.7065836637765173	0.04756193600376929	10760.83329960005
237	5796.669021531496	0.11174226790319462	1.236097982431501	41106.295377892326
238	25646.17859306403	0.012180764758858556	0.7221633409682607	5685.637210139901
239	30915.649562109076	0.026042800210741315	0.018945917526921957	25147.430585859285
240	45022.75983585065	0.7187683085921444	0.051929370887995464	29576.775892023572
241	16284.50024041306	0.7345532279979766	1.002827348021292	25545.468416587293
242	4473.531234589856	0.06995149454882019	1.3753398501950715	24452.577095246867
243	5341.713796837855	0.07717307856812423	0.4590511455261029	36043.905262392924
244	28008.823987066655	0.2081729471854162	0.347195730989687	42866.434652888915
245	2103.960946159793	1.8842816132005602	0.39303076234657	9354.69085012445
246	35573.420973338616	0.1270439134201692	1.141771051435001	11864.524620993192
247	12597.655296539528	1.5707220601011929	0.4468827845809834	46269.94290358593
248	40735.67604483125	0.3060577738482146	1.143916052622296	35186.72101726753
249	37413.288226447046	0.08860436840600634	0.01718397023608944	1279.9965903092234
250	25364.801773254516	0.09023899331396043	1.0438477056238644	1487.6732028384674
251	9219.568509350565	0.02922431489679714	2.0393318005521976	35932.00344008635
252	6291.593680306054	0.01915639283070113	0.2333073703718466	15816.74705312654
253	48141.39831841529	0.061901610084532904	0.04652316819017981	49815.14358569806
254	24072.7146366261	1.2629949508677423	0.025431781154662082	16157.219232629577
255	1503.8180137846248	0.18738711091679233	0.013862273287671891	28328.326268029945
256	1860.227808887485	0.03603238106144193	2.2285415615770745	19245.90584228926
257	34687.93097728475	0.11990677081260759	0.02131736928824644	9071.031755919368
258	29769.40164639118	0.11601417300189512	0.8764304170223188	40152.45359067726
259	30095.494706764843	0.028849429510505675	0.24712838639696738	8109.246391247858
260	16205.546423390593	0.024477273449393305	0.716964677259235	44719.81279842888
261	45955.51546416566	0.03196827788328142	0.24662446865186738	40958.83940415896
262	1454.3837878424572	0.07276059955250584	2.568731906015325	12213.384501049663
263	44800.633625870905	0.018767446539574045	0.10632813980061252	8623.755546126798
264	6152.114557019628	0.3070435610784562	1.8010379461646318	30934.44271463617
265	27414.357008348517	0.6471423056350271	0.010108376907086847	28781.548908196328
266	35555.52202487005	0.04979867654667577	0.2874649328275773	15353.839338078396
267	31862.564414398163	0.06738840004223193	2.0442415479189058	45904.200699493136
268	43571.722917626284	0.04467132800732339	4.141472106799889	32180.307339067036
269	49418.998404945145	0.15119675647238823	0.025320166380940635	9771.383293305385
270	22008.24444599541	0.3141600690894432	0.0650690092229877	23010.944361065984
271	34400.21624767295	1.452594968230649	3.6997745797691826	47490.621579038
272	2318.904752185006	0.029890343857293042	0.4459419960057316	30182.99641521862
273	2279.8942894741003	0.16698412790735198	0.010513163160008736	24372.967442048615
274	41841.21478670304	1.8379234014717087	0.15468512313241317	12133.646655583076
275	10010.014836456641	0.03340769320789613	0.10436427153162817	15560.917851048998
276	29609.441511591725	0.17438091995363533	1.0064710362401845	29026.41356825422
277	13496.97735715259	0.42940355575052436	0.07154684782073424	24914.972331736913
278	2355.80879839759	0.058848517577961335	0.3949781588904547	43410.40065871498
279	14350.95414112279	0.5416721262773448	0.028523721083857933	46625.080237033544
280	24324.75611059127	0.044164135539062975	0.02131400306208994	3217.6392558673133
281	23810.987160816378	0.16909615319084384	0.03449974276168615	4175.322556662108
282	13066.792852235218	1.8280255444608577	3.53986663191721	45245.75416363882
283	8791.896442514839	1.4028647313655223	0.30637282949057676	1920.547743769791
284	30250.994464158324	0.47092980554703234	0.01432952650506164	6383.597090021055
285	35337.08300990851	0.1420656245412607	1.4459707766252161	41054.14381995171
286	17084.893541293066	1.9028094379563876	0.010919851582676063	2396.7624477034105
287	3815.9430687982162	0.2921089228925319	0.5169865391981556	19389.07777267459
288	11659.672788293388	1.631458032953937	0.013566196758896311	40145.88318944836
289	32304.747498624187	0.17658702539620985	0.7677951547913093	12289.73275262016
290	29977.18121597247	0.23456629237935694	3.9624633764510735	1811.7060395811113
291	42132.071405596886	0.200157146239183	2.369214346058943	43472.630090809056
292	32877.42622989895	1.4337836087647045	0.13923861720414552	37471.27663743694
293	20981.496956995506	0.14950894755006539	0.14876787234133979	29565.05392025483
294	11560.061344175932	0.4480960363007822	0.02688899555340916	35579.11451501921
295	8167.431228824663	0.017481727627895648	1.1561397347259255	38384.54941906869
296	11601.438295413784	0.9983331959986083	0.4549404242716164	8351.454617301886
297	23954.361624711757	0.010703867424399422	1.5187942971860708	12661.728884317283
298	22035.248188075613	0.13446772372109358	0.6445924993879217	18420.304376826276
299	45686.436137651464	0.10007474385651234	0.47604189502785516	42223.3747904666
300	20037.860808494792	0.7915476450130047	0.6628585198023741	33937.16061583745
301	25546.706872744828	0.11136114384519091	0.016401586150627215	7577.321226639707
302	7777.338528506477	0.013288231515129685	3.422844838550395	6663.054505891897
303	1810.559354426076	0.5080486448903042	0.6660377601856169	7867.185870598609
304	10216.865679395652	0.014797437239271927	0.949488828221458	48115.64276532137
305	5923.645395148475	0.029255620480862738	0.6505947786835042	25016.47915729389
306	9128.007838115911	0.15660640185068725	0.013878534837263876	34631.60784748844
307	4853.874748453471	1.0617642799251592	0.16998493763967712	41516.96365632662
308	10311.164268089957	0.037576140560363486	0.06261399245453964	16809.925814022296
309	29040.98629801151	0.8535637936368576	0.025435181167407818	27521.089476746976
310	31296.336282316413	1.4944546527694937	2.449589734618408	23707.97528646843
311	7938.044474176607	0.5238059998042318	0.34668989953661405	19067.049357168285
312	25511.014340854003	0.01839792252387573	0.135577121101829	27910.050415931244
313	1074.792456951526	0.20711766812555737	0.055166600390839246	33480.14615521545
314	22872.30779796182	0.23868956476344616	0.21733758425089494	48241.054551542926
315	13826.57071260511	0.182949308552692	0.1696177427124463	40344.064878702615
316	42856.61647479355	0.047372623928071296	0.04429793518366396	2587.0965379726704
317	2160.081075081508	0.019512232021866922	0.4396168626618291	20455.053387783904
318	44729.55033991657	0.8957323708882956	0.021252075890302473	4478.549297741795
319	20214.9207585607	0.013993477732664857	1.3458581343585263	22714.864303821956
320	41997.55248868032	0.6751215854153959	0.2121625370667562	38412.64804632729
321	18179.32543823951	0.48937645657616996	0.020844369573242854	14538.268293815257
322	8143.8095868911905	0.1304623129532929	1.075518118088242	32262.23495012045
323	19334.623672551836	0.15402713312314234	3.13864548753293	28796.98648525321
324	49496.62593185533	0.26610336761492664	0.03973861885017022	22248.465791460978
325	23197.328724807267	0.47462444129008036	0.054242509575654324	37075.54709343138
326	15648.916764302241	0.143527752446392	1.5753217599722305	44342.91118286299
327	2306.6838258041043	0.6614783432710992	0.010283242830026292	33557.72090515124
328	35648.84925876141	1.2086568070495411	0.030887614820804644	5497.318786346672
329	5867.634592307175	1.9990126236334231	3.557976985515369	49265.88484662984
330	36562.40188333053	0.05663118977193766	2.4243239673234296	30399.267752785334
331	11720.241616860305	0.051438618675864974	0.21100393370740647	40470.00052099999
332	40265.94911729141	0.25614497951518955	1.940078701677295	30086.364268022495
333	4522.742944512638	0.024197997351285583	1.131092394775051	39572.43479812996
334	6834.656382854575	0.3414899061445849	3.100079747778806	1231.5065858578378
335	31819.567973995436	0.027831118144308976	0.6250859366595496	39533.4008483925
336	24373.65648181381	0.0829673957668987	0.12319443333517517	8066.635234264249
337	15926.70729490617	0.21981528468874056	3.09457660361364	49743.17591996407
338	24131.032766222062	0.025774936791405103	0.5566404769948176	26554.25632874775
339	27386.822620954154	0.8561521005898665	1.8363263763475055	39107.42411205411
340	40200.1166097523	0.21097025782266524	0.05121979989681617	28505.928450027353
341	42809.90200826908	0.29334102132654427	3.850522557393662	35511.801697339906
342	4487.891620276208	0.9078940962187763	0.5049637310675338	32190.569163082775
343	2088.939430048572	0.7268892910825885	1.0201217790381012	49346.61988538216
344	11997.941654330347	0.30475118049541744	0.22145849051145625	35000.41620463078
345	44359.17961761897	0.010779442128272124	1.318868102874905	5068.322764548565
346	3620.836297261226	0.026555199138151544	0.07781220521737107	39193.55866287833
347	21398.963004263278	0.6167264425597303	0.02809853090342167	4908.967675547392
348	30235.451623896643	0.03415154896022133	0.019062935644013634	2566.394788505616
349	16541.365927595776	0.4799855625978468	0.052721763543778166	6449.997412321574
350	2973.737319965455	0.11098036426136508	1.3421937220596132	35383.80082762306
351	32616.960324124677	0.769091704731096	1.2224870656199494	2501.8743247101465
352	49932.01571312688	0.12124252249749275	2.246709850157735	28312.90716325711
353	7776.217359218161	0.2445404439818626	0.022830871090422915	20409.824887850795
354	21882.435850642727	0.7569528470118361	0.9359086168122361	1588.7064819503767
355	29272.725056840107	0.37354991494885936	0.06643754136572134	48037.107510649425
356	40827.234983702794	0.6457423214658685	0.44412547493391663	33734.73490481057
357	26199.507469379656	0.012546534155410323	0.02326655262376109	45000.53950413013
358	32385.560200549426	0.024199810518224684	0.052077559582213065	38035.88205829807
359	22326.173454660144	0.010347556404505107	0.2522596035962054	33512.40707284157
360	25944.647912775403	0.01244179535912516	0.2126297064550456	3723.785123934935
361	40280.848170293495	0.04716867369754433	0.3101353564023745	30093.37695075747
362	8721.906607710112	0.02239671360638534	1.6729912270587237	6345.60987937851
363	42480.3994977616	0.22781673373564648	2.312994357216173	36850.21373113567
364	47642.85557047836	0.025201692971072262	0.023429774555670368	24008.026301506376
365	2224.51466359017	0.11293954413041962	0.1268335251720999	27065.36970260231
366	21948.820822531332	0.07026290472151374	0.2548716782963376	8435.209429777275
367	24711.791878509215	0.023383001443318382	1.6245213620116026	20627.30684845398
368	40993.60681647778	0.08080665059428803	1.2556081351758304	47070.76522520236
369	10839.593988651644	0.02594810208894297	0.23316088709816313	42474.37533065021
370	17528.857648202258	0.5854129140989482	0.4367271825846605	5817.943775770564
371	22233.142141816756	0.03921176999922514	0.11107703436851915	42615.425361748625
372	41147.8095023239	1.0490635126348469	0.19473406961152337	46829.28640969815
373	1419.1224812340297	0.03487570760628453	0.01261323799971844	4168.635857047064
374	32675.983011579563	0.42150240853511456	1.1732369567368621	8211.130024687805
375	34856.333984662306	0.037249086767196675	2.855768314881203	45226.11771265525
376	14728.398111845949	0.013552890696739718	0.04584211233796104	41570.09812189957
377	19316.936778538293	1.7097155763319294	0.04198358617726387	17643.93264549181
378	26182.025148864537	0.010064710417674757	0.09292343966833184	45189.7557472052
379	6388.420970621688	0.02054304546874898	0.16707217709251404	34199.29993034526
380	10666.766321084675	0.019432977916040293	0.17240532166857356	43045.62035819626
381	49738.844924530255	0.012359877089594002	0.2247533951434506	9259.607349827747
382	8252.0890185934	0.04374242556944368	2.596470785713783	30884.55039197408
383	31336.97287879208	0.051247531684170136	0.033135564951084696	7001.608777367478
384	32267.366208857286	0.012373059266147011	0.011547241530889768	8225.99362637304
385	23709.949612175144	0.016495463883201146	0.011827078783618748	39820.296766550215
386	35312.07373047636	0.07796375004196354	0.08561626095338828	11583.901659208308
387	28182.03317035285	0.7314005764002788	0.33012458153763197	1874.8991064061524
388	10643.114803374732	0.0113295753653254	0.026087516522051477	9889.878021318984
389	40168.8673314484	0.04130204640702598	1.314682248790841	8438.846607842348
390	8366.582989639941	0.03646362509181377	0.03993880806305717	36128.33951694274
391	24033.382774348855	0.34723052322581477	0.2872733418346	25577.23578857887
392	48411.55549293547	0.10214685267147885	1.8015118701812793	17161.16539823216
393	45771.18791376569	1.5977075077911043	0.5524786831717902	29966.50653329794
394	11186.49099330159	0.09845341937667554	0.021724124208431707	42099.79910450844
395	33547.27771245502	0.2104827587501731	0.08222530956283422	42501.72182991216
396	24240.78161832568	0.012748951947963674	0.23083139243054174	29594.722420055426
397	43767.39541396723	0.019741391365973505	3.212162637855905	47163.94458576726
398	25842.912599482217	0.103209552114967	0.10297135164528934	24635.684955730587
399	21026.463462701573	0.03513209879852721	0.6748178568263474	46656.79990829593
400	28483.683031041608	0.012185700204283457	0.02885414148376338	13596.607855062797
401	16016.75838368097	0.03149803336881487	1.8519774851665305	44134.856642381455
402	40450.149023807746	0.07683182012127085	0.01222195193423228	44828.304030255924
403	40605.81637602352	0.06310203559341523	0.17549891869930417	24466.39355246847
404	47824.58702684913	0.010761593066547216	0.5083272721519887	18175.549118676256
405	7215.233174295803	0.03901906570683508	0.15348086419369827	4244.539993720541
406	6118.9855997538125	0.21257193580487982	0.03230633301338504	38155.66892317044
407	33364.05830713437	0.027089892907349113	0.0974811920244465	28466.60153233658
408	38327.06599981052	0.039802402846329035	0.8438757637168885	17687.32561903491
409	10053.280705628615	0.772171799480088	0.01103453379728813	42864.92136942173
410	40933.98968974811	0.18267452116578134	0.033604600390732486	22918.4695457288
411	2579.587061754712	0.22602143965076926	2.1341904546277264	1845.603114127572
412	39047.68403920015	0.07468549395783841	2.7175858921843785	40764.875220027236
413	41589.89930962236	0.1207271692395879	3.244658148934706	44576.344535155906
414	45760.91676374304	1.0402398543816553	0.08266129647710577	22457.400994675165
415	23819.223729831094	0.49845194627140865	1.0417138656414329	40785.78089210181
416	32241.88572527426	0.5502191511849156	1.4235050241098008	14671.311694919032
417	49893.57860209546	0.03867823885431166	1.0127517653745723	18193.9653614763
418	45740.26576819694	1.254587622488273	0.10198667454635153	22012.986064115306
419	43262.50011058635	1.4060566592523844	0.37578246896805	39419.712965416176
420	45203.93181663779	1.8571700192328668	0.25517482015788484	16879.31432817651
421	28631.482323290198	0.45110744202986	0.33541494691746915	2827.296290708422
422	20619.555617402	0.08623456820053338	0.02083041262911183	20394.409520725472
423	34962.53075321635	0.026523615398639892	0.30476995370834187	1999.438319701837
424	5401.80791562329	0.5296753551652486	4.788276272738197	13451.431982540416
425	34069.877743585115	0.03916824961117301	0.22492649666513972	8384.640352098215
426	20493.07994348566	0.7429830058424693	0.04273605729448275	3463.7072105760176
427	34566.98625644281	0.020868440170936066	2.7504382886637804	36072.773002460075
428	6042.051362009718	0.5335515384371724	0.027494729700623905	35762.1556934477
429	43776.38164066517	0.7307054037571891	0.28437550075704215	45028.89158314217
430	33841.595143558	0.17679678910720828	0.022189864179217263	35642.2418258079
431	28735.384505650694	0.28728343701632525	0.018304360920316554	34303.54468710894
432	13286.176191904082	0.01760251927058299	0.7677181965915003	43034.35726929761
433	37550.77456246176	0.06337533214188981	0.8055821963905991	31484.81385404646
434	40520.75847640254	0.16029687010491206	1.162393090644087	39968.179171650154
435	22450.21914465338	0.10535028071224761	2.975410174502881	46968.31093610251
436	37425.60234483207	0.014702350202265313	1.1533999762446445	11344.003123596696
437	46184.29374777555	0.07188454837847805	0.7916778699464613	42955.65097509086
438	24770.3884627936	0.0408071449244586	0.04616343439731322	24722.736421408106
439	45421.35993180688	0.14062402732234242	0.29132711759461155	13815.813461758997
440	28397.575315971968	0.014675113196419324	3.006850608304877	9017.023544782409
441	4749.585005659917	0.06410196564771874	0.40094247625456975	5630.261938316465
442	31743.72520393871	0.9931068488822304	1.1249335871255886	12628.405527841915
443	36155.85203299811	0.2986264322703022	0.11613335608700441	16971.649149382556
444	11126.553073967632	0.03831622271978027	0.032858939101462155	43153.940382356384
445	2746.814906985195	0.5988827605758796	0.20976246058437867	39322.70579562883
446	13374.752292717916	0.16415916911924266	0.09731312966621503	27187.079587728953
447	31956.586593857264	1.1511233158281389	0.04426471230496964	9221.996900992668
448	21866.893062355462	0.9404885998722676	0.20174238670391184	27221.758419686063
449	20969.61374476837	0.23714799614612045	3.012514227303209	44538.96392468948
450	29937.587180725815	0.0224800919001144	4.022489483263268	22999.1687789047
451	28606.397032247627	0.34596465255020953	0.021475837414457355	8192.6186082163
452	47062.49148660996	0.3204323410413582	0.01144291718582017	16124.781912048637
453	1087.1106306782622	0.7489408652143851	4.536923759249584	17915.011031121783
454	34111.96700860022	0.012364548559755162	1.7337548801613418	41880.09341442621
455	25721.42955848609	0.6110504573559306	0.23714814594521233	4811.85840457224
456	8502.868101220924	0.29435759421982627	1.8211661498431804	47811.65500738374
457	30542.529184062776	0.015728142432251686	0.7526044223415737	47299.26299091623
458	4395.190725825452	0.7937362349950451	1.0524011234452462	45226.97051533885
459	43941.5006889735	1.6706739397172845	0.025448444669659384	19441.577113788382
460	38430.65720570121	0.028450634168381967	0.0656837209274015	20510.331764996772
461	35681.09783472955	0.010951368559578884	0.0139883570133653	41089.34613694918
462	37211.16699157197	0.6625446615184347	2.458089935526256	1981.6701391628956
463	40635.74457907124	0.09166951689618591	0.31935126065909225	27870.848126087138
464	13626.585330735488	0.01739148347784427	1.3373541649693146	16656.820121390003
465	12498.806989525256	0.6059611183249489	0.30970222963544564	35914.01182066657
466	23014.548385595226	0.03301289108568489	4.214776993094933	7811.670870171815
467	19665.100553928878	0.14590813212166567	0.08263789893270891	40686.50674976797
468	27379.30950847254	0.4759880648606217	0.453169729288411	44907.263241057735
469	27416.980343784784	0.27995637779139426	0.4048357675959675	32905.47514575937
470	2236.4747906404664	0.037554670156074284	0.1294601550100739	36194.21204985016
471	45376.749289261534	0.01738377623865718	0.29829394168335105	39946.27415080244
472	40133.53318978835	1.223935889128015	0.0167483671534416	22461.289296225554
473	39667.722919622356	0.6292597264633483	0.025396486748857465	37585.77527133437
474	29038.527582244875	0.18830604742944754	0.03657454682325225	12035.482882764929
475	12552.707275612964	0.09017850612776732	3.8689256327948294	34888.93320811159
476	8270.491911270736	1.1560465937194988	0.02365286622717634	17984.379522110863
477	1153.0914162573674	1.2110648636378982	0.345030905447505	22440.698025445137
478	11941.092856857947	0.015677595951021188	0.14355606717791744	43170.96989027198
479	29219.213608281596	1.9137669175004879	0.023884814084424458	19977.022310482756
480	17849.930088079116	0.24441453208067287	2.3464061402709286	43969.86000609643
481	40069.21492127267	0.05448937641205209	0.053751378974404754	25512.765840475047
482	36197.57052974837	0.6682257241667927	1.849722347413375	40060.97637026176
483	28994.820821450518	0.029114431448592295	0.14446054984208936	21725.646127354954
484	40026.92428943986	0.7158171967793993	0.9644552218022178	14023.904301637238
485	7078.920981647062	0.08632813576617238	0.17998096836199698	20799.5672962241
486	28212.74937151065	0.10477018221898143	3.6862288762166076	15340.887198645312
487	34830.60941405865	0.02940731341429238	0.10809818212360633	5279.522852509925
488	2281.6835685655915	0.029146363888322483	0.08492705067748077	28087.328686640205
489	12264.422063362403	0.02576070517009776	0.11859617428791883	45777.80134069666
490	31072.19769804732	0.3768566912567689	0.042368089576946	46449.83915297115
491	18470.697235116902	0.03911225950283652	0.7879453061960147	11929.370997442826
492	16469.165357321217	0.08951871748696663	0.2250660740519394	47873.676761173934
493	42386.2426860094	1.7173412892134738	0.028782539066319838	28137.777078282725
494	26638.44774764713	0.045112639108547715	1.4582658760959737	19386.99466056066
495	4153.00062802297	1.6752338503289759	0.07636939130224012	3578.0138378925353
496	21336.981705520022	0.5587761259675336	0.01446595351953557	42034.14223524578
497	33096.69675447829	0.8509918672963663	0.3643375540546643	47243.61448605144
498	14603.849632556892	0.056840293456846144	0.2020535130581103	15435.210679162938
499	24197.466562307633	0.012898359674187863	1.847702031149568	11980.684569684647
500	13553.615545209155	0.03374553714170979	2.6820891477880395	4156.7692431608175
501	25251.593225309265	0.05717191597785315	0.7026354975750367	43582.36174466496
502	16043.982039987428	0.0755530739063105	2.94495731651437	41618.722560089016
503	18448.66417209516	0.5180574793856667	0.012033336241974002	26076.574147468487
504	33410.23927088427	0.7632133968321172	0.08570441001904357	46428.73545175462
505	43662.4413643608	0.14789121400799662	0.3483855471719638	30860.032171459377
506	43408.308843745115	0.128371345360196	0.9307494723706548	4284.940503584039
507	13543.575261735674	0.07165426445416517	0.46849868588732785	43821.382644866906
508	6568.466767495457	0.05989237769244536	0.12048439714638079	9061.303605039251
509	8341.054099549852	1.6864170117209452	0.016325769217735236	11841.805077269213
510	42795.60736163334	0.34187685017666225	0.010763495090171205	48867.27340863858
511	41457.668945068544	0.024638782267317593	1.3402067513549825	17909.41023908584
512	1479.9341742010693	1.0415752603854143	0.012098001100990763	5284.793119723166
513	47232.34792595387	0.030551274809914947	0.051113696967183445	16653.972339281885
514	14903.702426422537	0.22425069338378792	1.2450025663712605	30912.186904247097
515	3313.542766649832	0.03140283581766956	0.18463223540184653	39232.4434356464
516	3577.827540498385	0.25790012501510573	0.043430336037209576	21584.49388915062
517	8287.192746681565	0.01642893916353419	2.093494271328831	22507.14858694578
518	12252.294440161895	0.42628307972751023	1.182858813082001	16537.676451587562
519	31598.32962659776	0.1141492964919168	0.047113550429017124	7522.565071314903
520	44053.88142766826	0.02962690430255407	0.12920461834103836	42956.80920393044
521	26576.975439900398	0.05516669674926941	0.2876984231582894	37725.49452386948
522	26646.62908179011	0.34830577305167304	0.41139573099958543	30376.156256277227
523	17353.750931334922	1.3668927345014301	0.2815143187208164	49179.55071429392
524	30971.62695597056	1.835367233593669	0.11308628861665594	48259.448263132035
525	20841.131656219844	0.12885751537159942	0.7071976803112938	32858.4826768037
526	29603.934883806676	0.2501978630443846	0.3010998833280221	16027.757918335985
527	14301.855258844811	0.17775146295566446	2.888745071020983	42162.765831519195
528	8069.6273283538485	0.49511951236228335	4.0865879082609	26437.47443764363
529	3678.8865643069353	1.1400090202126332	0.023758571816631196	8515.436563742322
530	44657.804692676036	0.014045899975475987	0.04232983989804238	25558.986776070826
531	32837.65095487828	0.018914645648869445	0.45575601365203944	27893.15918933915
532	26467.52358085062	0.35591093804265755	0.05482121545376274	33568.05173096381
533	43654.49172489284	0.19331014520525627	0.06103470650006162	8162.979217579886
534	20596.564681636883	0.15919796161208738	1.6220035114888742	3710.033011220711
535	25864.684791952663	1.1546097071301846	0.37320504166221946	4227.7253130617355
536	25614.76137463359	0.056923541891853405	4.294894637292183	33193.664882804136
537	29896.578016152635	0.0776206116088901	2.7267277869041044	3188.795071874785
538	22104.440496707197	1.99833895867296	0.1160833944364278	18980.246916488177
539	30950.032548449424	0.975422110736538	2.465389773791642	31230.70937811326
540	20491.636028441008	0.1717850889469921	1.91977507524007	46037.04720361372
541	34937.648234553904	0.044340101937589686	0.19586020724574105	3233.9131130363503
542	44509.59340843546	0.04474881232929845	0.01709476654467876	11798.52957993703
543	1447.7202867034284	0.39711040542234183	4.756753079642888	18288.03173713063
544	48497.22460109553	0.30676401216280696	0.0583485801068503	22109.44007150888
545	45880.28875297134	0.024618530827616655	1.082676557036951	2354.4861791730464
546	23770.28333179682	0.24364462428167374	0.10487115167761775	13197.97560048161
547	41985.05546318054	0.06432060526801638	0.01257791607533959	28744.595432647257
548	30679.17516902252	0.10168433659805294	0.1573358957528208	43119.45093966103
549	25514.775976700694	1.5396776620400334	1.5054755597518203	45723.93528496748
550	32997.76906562476	0.029797974077944326	0.02295826710075885	49690.31770417211
551	12426.425631277882	0.8841944463762491	0.12020735755134317	44144.43319828868
552	24029.192758123903	0.32569980371710244	0.07248433404644143	29204.167397898695
553	49142.74737907381	0.08397246925753818	0.6341285398465079	25525.9161253228
554	28675.80011999523	0.7084898874409151	3.4718806585148587	49032.58220952885
555	12623.035477492602	0.24909125240576982	0.17695130715851354	2174.846571949327
556	46668.77030856913	0.09148552958353584	0.016328228942476902	43748.59496066631
557	38309.61458256788	0.5373172991341242	0.7928798151448697	11680.792990403035
558	36028.07609677194	0.033545076206209175	1.0018016148929692	17374.656104094174
559	11246.89139451661	0.0916583138516381	0.9630777181284915	39903.52034738485
560	29103.557909063962	1.0903835610672317	0.010867554047994743	4879.919135884737
561	39685.70988921541	1.5355186441104969	0.010287515294842604	33662.685183774505
562	26702.428726066908	0.3995572062122714	0.2777847079968725	14337.373783073119
563	12512.226354798991	0.21288195903121818	0.3502150798625862	43704.30317472636
564	27555.363596939747	0.017393039567053025	0.20543490329363134	49179.37760115832
565	45490.11522420156	0.3413991393969986	0.28233317121841306	36691.4936076222
566	16970.868568865495	0.41543952845466775	0.17812687908006805	23187.97417060436
567	39541.62232386178	0.024997514267188495	0.021043035874500914	3736.909670565129
568	42466.475089439155	0.224374289505527	0.6174150936386272	32486.240872974704
569	18170.556809807167	1.204931513299437	1.9934150528336743	44095.6499886544
570	12324.560496710652	0.11872762010155753	0.2986589106014091	2865.6236745512524
571	49817.935558660196	1.0631472564152744	0.03933759205669572	36869.38801068685
572	34496.35310574141	0.015483310131261899	0.03304427212192476	9154.89852683259
573	12300.070936066812	0.03960743510209446	0.22858521086994127	12799.4754727804
574	48517.4780110281	0.04175601473878038	3.4641282990067483	3301.2330919698334
575	40828.57893933951	0.01292034301642819	0.04948232301003186	1447.3204044998613
576	11427.99690005687	0.09983434809486266	1.0633578298413116	41810.28305303736
577	45947.20794124022	0.21389338145602887	0.059824783622717044	20387.787449673084
578	28310.179719304168	0.4678481750605358	0.08681147726874024	12266.98659092788
579	26131.87252066259	0.01369365349092903	3.8728937685016316	5129.39519084956
580	8586.011022965085	0.22089197473632596	0.18317142558532795	20411.304247925484
581	8972.987193224537	0.11490526456442401	0.13571552162791167	44114.481012230215
582	8612.514272295455	0.43414230249339525	0.03735607661655604	44450.84098749987
583	24053.794176198033	0.049455949970366106	0.4254132808076048	25430.48270932803
584	16571.88824095863	0.263803678572969	0.0419983895074982	7189.529515833344
585	16622.52296627911	0.04759103593041807	0.010004728091210556	14888.881355387659
586	40851.520287744475	0.4346335695364458	0.04089274866272124	47471.49060451541
587	1289.4952235015805	0.02469022210239094	2.7553153009790545	43203.4681014673
588	17202.0372975216	0.03226952479448834	0.12077980225229666	48380.807482080716
589	1400.4404852510145	0.029161114641038165	0.332893519216272	39250.15031512887
590	39916.937837724094	0.09414923753674175	0.04223149751230877	2093.866717700602
591	35421.81664002817	0.08918237774008402	0.4914508334124965	46384.08951477227
592	13653.285215860034	0.022111121630349402	0.04253385104922718	16586.74911936732
593	2399.1368579792356	0.021482521481489308	0.019830161650009823	3915.7729205524847
594	21752.176946037074	0.038128439837108924	0.3794579916326126	31739.228745577348
595	3881.7854882137676	1.095722096658098	2.1650464307358734	35107.58831647099
596	1090.9615363632506	0.10532779842643823	0.8713330423466377	16413.07565038043
597	26296.309136610405	0.27589876287018744	3.099566144453047	25456.360276953365
598	49554.155067908345	1.3266857595561183	2.0348461276633727	23826.603778170214
599	9042.927211735063	0.029127091520283175	1.272303776342067	44091.61640441136
600	21392.190869307884	0.2655098539685796	0.313254016917984	20403.16194599317
601	35936.68315073159	0.030513035947786427	0.19288590220582294	22276.90906011387
602	16230.938822666263	0.026214798318569717	0.10481640602360698	44646.85582568537
603	23329.70694979521	0.03165453845749528	2.794153638678372	33949.20316129077
604	3476.3138743141276	0.01837672174577597	1.146095231981653	17709.14013747971
605	40975.859241475635	0.31388532541788666	0.11833256048085027	20138.49421946574
606	27667.297958563147	0.061275694940698025	3.474168169759321	35097.956498758635
607	49726.29023940128	0.12831285360055084	2.367607570876672	24366.605025973877
608	48552.85142599775	0.3980052816499166	0.05053406554235596	13929.151871294702
609	1930.9670765569717	0.8330233793053582	0.8871015245570736	39502.31601606532
610	3921.5820842595867	0.012373602344394604	0.01472873931379567	43932.203856698274
611	36420.98272156262	1.090291108823061	0.026004668902659924	10047.638959151966
612	8022.423640032802	0.6001942397331977	0.0574356499645459	25300.150061871787
613	4845.732535934485	0.1977020169797669	0.9539386850811121	9180.483004317764
614	14483.254817392872	0.536827567978277	0.09377665179492255	43963.25329051381
615	38667.928269727054	0.11505570273398068	0.11194795043781115	28031.026451708058
616	26026.28482596049	0.055964920634547805	0.7538839714970267	49561.091500224895
617	35586.82799205297	0.4736081468053777	0.9616902362653231	17510.597259046117
618	48372.08271387346	0.02237213603542111	0.02510969217190993	3161.7842197182335
619	46439.81614668386	0.4688596892615097	1.0561979515371756	1305.2324508909949
620	12617.389269177605	0.5263545344023469	1.1805945078420619	20485.02023752189
621	14960.9710471812	1.1486741694400555	0.35278827334555246	14947.293964586965
622	27909.84187888399	0.9251022533447949	1.4282106863524708	22338.681944925156
623	14914.936793703037	0.2921087851379526	0.045418117295056314	33027.90596216655
624	2749.1253283471574	1.692494342936184	0.0516637179690455	8744.493316583183
625	34760.40237731594	0.18388523353694175	3.295914295759358	13938.240040378552
626	12776.695019394358	0.015276860025450601	0.08258261643120131	18983.282552123987
627	1406.2589470244873	0.2922864394760262	0.36161929416111427	49498.56441211437
628	3715.940037753541	1.277526789117813	0.03496123402906869	18449.701870675544
629	30758.41773815731	0.09978375905092554	0.018804318129556703	24294.18023252098
630	22548.66858023526	0.2484241847517428	0.04090167167117063	2630.7749977350463
631	38524.28040566845	0.111450272435214	1.237807800893602	11472.470557313867
632	39809.8902448291	0.15428619138961364	0.36243080373961883	1830.236060600364
633	19536.646769218365	0.6441938951223811	0.03393016922614085	21544.121242168323
634	7214.751328154889	0.2121488226902006	0.01604797346205553	24835.18457987023
635	45323.450651264844	1.377312189823562	1.338957634573601	39536.83197962825
636	42138.710709916624	0.5148532132710356	3.0608785179369775	23558.012677694907
637	10240.778529362715	1.7592698433171656	0.08074647113039671	38661.05326555388
638	24783.716623877546	0.018700691709418796	0.01394336762102007	21910.818106609764
639	44725.70998596514	0.04638595337820603	0.020736193965444533	8366.561064687496
640	35814.51579428655	1.5441762992655175	0.2741795568677681	47174.97856613568
641	10270.68700662859	0.884867608634481	0.8085051074658428	32253.52072596847
642	28122.191979389238	0.28826952034897413	0.010793075036004825	2767.3885023352414
643	9613.657906913797	0.8785609873333372	3.5174490481217404	15006.702664827073
644	43351.97514392474	0.010334319510977288	0.021773366265169444	26410.20624367221
645	41445.46846909365	0.5698326046641684	2.2009147141938605	37727.73909780636
646	48445.5790793973	0.8191361971190441	0.09420849568228555	1855.8143213611993
647	48322.11380123591	0.09368120849965937	0.7135194709713472	34640.80295957095
648	10474.657992005477	0.03198542000629552	2.291092598291558	49280.10681559167
649	31368.80933587315	0.07271326762938524	0.07490829332327903	12186.612116303013
650	8387.397710374345	0.36092429591681646	0.2895570467298075	20795.298529888885
651	14927.011040413132	0.0876483547446653	0.019163889673836185	49968.73697841245
652	32315.313506567167	1.3231086521579765	0.014921923652648349	7905.940739840024
653	47513.54323736482	1.4775786077762336	1.974092452234838	14180.641774778778
654	24506.79028437199	0.050791832958366555	0.14927590282856418	29591.73486639139
655	25405.704215931546	0.9676880774763794	0.024566837055649694	34604.16477602703
656	10314.787516280037	0.25137511183227224	0.3039241104699877	43035.70655681074
657	5938.251178027126	0.036240706859857634	0.6416981308748669	41201.49708655529
658	22844.083931005254	0.06969400103034491	1.323220017004868	26871.374023389562
659	21023.016954186347	0.9916385437905747	3.768817001776326	3403.4259065730057
660	40980.39299105247	0.051417301956006245	0.23813511032335283	40988.32877835952
661	9851.889784612013	1.3579936951623848	0.05228317760949508	4215.095577696453
662	3939.931636012884	0.18151569056486724	1.3922012657595801	40497.82362751308
663	32636.972999152076	0.0339466444094986	0.700792149956286	12075.924554383531
664	13093.961341457334	1.9819603098769971	0.30190161992238723	28548.436332657748
665	20664.996544584592	0.11306869747927033	1.2794945575429926	36908.110529262514
666	37774.347875448795	0.6390174114571315	1.1562735677743208	5841.340349708459
667	41536.84908537336	0.24806909512544686	1.5986004398169735	32258.186166285574
668	11466.809603211059	0.10938210199251538	0.01882723373224579	20082.17706294153
669	6562.725989672544	0.017860356500092822	0.5556533502834875	33609.10891570073
670	41531.975052528745	0.14360569763670172	1.1839869478892866	29665.10337869965
671	49655.05464262993	0.4082172670139043	3.8142312393962436	25701.97415054985
672	47003.82552505068	0.051352026857740304	0.08088869013571821	14007.824708378446
673	19899.653583128995	0.03253593305293416	1.9062715333313978	30582.528183869097
674	15032.818695751357	0.08783429914314203	0.9790714250673936	10970.904212101863
675	16364.864822638538	0.4506861683093693	1.348976850836002	6431.125868613624
676	3635.2176404193433	0.026824205380291163	0.7887021027911204	20108.722829934708
677	5225.961978105352	0.8515394391012581	0.2602097222349843	34318.132955659494
678	28695.998610770668	0.18550275257077722	0.021138280077545396	37307.41763127663
679	24547.426952767055	0.11502925485683486	1.1376771998354773	46885.35541630101
680	45869.16543059695	0.01714707938670746	0.20829467806216115	23078.919741898386
681	43698.24747488564	1.552377357862852	0.8560262769074786	40683.445203175426
682	22602.062155080795	0.5380730564948992	0.07524707259682085	27906.884999545935
683	17530.074942271654	0.03776716803413196	1.4865577336010105	2926.833445891394
684	14452.852127829387	0.5400265831025156	3.0812881961243774	41611.90559355618
685	49695.67816054212	0.013890181247543614	0.06230162035000451	16597.419054991256
686	25269.083326420492	1.2366228855288122	0.01844920066451183	17990.134042054186
687	33723.39378109772	0.16190121630535204	2.666267987219575	29139.96283601276
688	38365.242934945716	0.3160631900105299	0.37445855530459987	10531.331570785584
689	45839.5681173707	1.3227144722464048	0.09301030531441187	40193.960299726714
690	16610.083919779187	0.013547672047151212	0.42718926243799665	34681.21280600008
691	17229.69093307334	0.07040930709426006	0.023619084844128092	37021.728337359644
692	28281.000835653882	0.011167584949140892	2.3934470566991575	49154.86106097141
693	35922.98831146574	0.3795250405729158	0.09761050814818117	32637.93952369577
694	29797.45986954494	0.13373494295235186	3.117570212575074	2449.7851610011803
695	29517.264424488123	1.46907766863473	0.04707860814229329	19689.932545505304
696	5222.90487226704	0.4139892014375127	2.7962923061751543	43507.19710334418
697	6462.426778203254	0.09975237797163052	0.10764144113880555	21925.00587431882
698	45994.156453724056	0.02052779759368825	0.07572205469151258	44799.59149368949
699	18848.642949162768	0.029321084711607954	0.012839209277971593	8430.041445031238
700	9651.278287752142	0.3130875011869272	0.4303792750000319	21711.627754175264
701	34092.32057364849	0.03931371207398783	0.07907611877387337	16210.968168952812
702	33280.57963497813	1.8512185255048774	0.975251131893332	17071.428611031522
703	7514.178773399967	1.978529580209003	1.3523138598912008	2953.398356796305
704	38350.54507072486	1.8075337873568886	0.01787283016155008	36305.32752046656
705	46974.40563517958	0.11787388488872981	0.028154983210321834	11495.121405457763
706	18501.026178138673	0.3243944776243421	0.014010868048251409	6959.848584956714
707	31318.618521399272	0.6823414161450618	0.029409041241442578	3693.406244695924
708	33838.3396160673	0.6846444317866478	0.367924700961318	14490.174695737223
709	39095.92424181418	0.06288330373227648	0.048848256838737586	12211.385019502432
710	46659.98894856911	0.5295612679137527	4.044258532798451	40754.143478918995
711	49277.49168367509	0.03576383394000224	0.013266898482669261	36018.558881144585
712	6332.851418289967	0.08758967225570304	1.5889956659656548	29989.18555159314
713	29860.876819965877	0.0556888037369146	0.04541749834642917	40255.73413297019
714	34270.99573209855	1.4587478416546495	0.45609482506560023	27843.878910585296
715	15601.030811863848	0.5061879518834068	0.1208602808269822	38285.49888497444
716	39473.39538686853	0.28992801246568517	0.10586427897838731	43773.66679777825
717	27378.094022742538	0.022168566587861274	0.18791440177947902	20622.2647530463
718	1745.9301671393664	0.2486997071020112	0.011946503604759596	16217.254077728197
719	14756.320268677653	0.05280762233062858	0.9053183561603225	44631.60015891597
720	11569.181306930079	1.2938171447247866	4.83481798907703	13756.321853740714
721	28900.721774970403	0.08496236114172623	1.0208911398713203	9247.07561458214
722	33010.94990884593	0.014532745408986376	1.0538290859308836	28386.968497363938
723	31897.761647609823	0.024152189434688966	1.6265312680676736	3095.258324668787
724	5187.1765940878395	0.06889141533098517	0.28664916532894225	41166.83303682743
725	35926.66315731602	0.22585709957136232	0.7332797374483492	21583.89767077081
726	30442.005623927333	0.12178559773676653	0.017431806740586638	33881.384042047575
727	36134.2817570668	1.0146740114351263	0.021450859705337867	48327.356101200756
728	43781.89437769481	0.11328625907312644	0.5558030708176024	39708.25998621376
729	37778.93950807333	0.19272970676790102	2.7244338422902707	32244.432526438337
730	24987.70747205024	0.014876789376216778	0.05803552383020368	5581.667592173296
731	38644.888679944546	0.7372583598881063	0.013559524712966326	29291.72422358685
732	44208.88606853959	0.3460330165359018	0.5517578554998108	44277.24967350519
733	12287.24112118925	1.1202046743459129	1.266468761045544	13070.621515196724
734	3774.2714344177093	1.5655171526052376	0.011355008316474546	40725.50037238897
735	41751.51221306434	0.014716969165210295	0.331993671501646	5092.604636278893
736	31688.67336979381	0.1149976802140724	3.717799326453398	19948.62510961128
737	36371.52040121042	0.024788210774193603	0.010749882495536527	15819.436881958542
738	19746.749457328242	0.10974467822444363	3.834158859032085	24286.091315159196
739	30258.4578478068	0.43915179134821036	0.6886002752275573	11108.486502271506
740	25501.94786171225	0.048948229982388285	0.029070843889881348	13292.79155248773
741	5348.2142543384525	0.02903232520189109	0.06077491419850605	32226.078449130924
742	12229.223299379171	0.24818668970491256	0.5559065879018437	7155.555029948999
743	17754.32504719003	0.02855239415636171	0.19681837683300887	40089.76498694378
744	7730.076065106402	0.5796650749595574	0.6316018645805049	36249.85347924304
745	5096.818025462008	0.05198521039112891	3.275716378730188	45327.2900665275
746	15713.694400348784	0.8535569143224513	0.011684731203303633	29953.769153967398
747	37201.79198729711	0.04955427568318378	0.5311173014726049	28852.484441223696
748	21517.176657894615	0.018749815210209186	0.12855708186404313	43289.66409033093
749	1660.025992356265	0.028251492254055904	0.043456117796610245	24093.74447206791
750	26743.91730107559	0.5940777601307492	0.010198955535877465	47799.92702856843
751	2276.9950570954406	0.4311912401983174	0.6821922456313919	25098.87932368465
752	38375.45760561835	0.04824890927928849	0.04252676487353018	44697.116575561864
753	4451.095733021897	0.01734560001678017	0.03288475719213838	19318.28298416191
754	25273.909570962973	0.054975262249629335	0.017313435368567255	25208.552688754004
755	40722.32508964115	0.4931213237265186	0.07301720938163114	4881.537132938805
756	46761.81758535608	1.9589938939593934	0.0754376212659927	45400.6507093166
757	48580.99814411979	0.04005040565062688	0.011136021639724521	25321.253448917407
758	41499.74093763067	0.11621807274691819	0.013860396085321637	38157.99039488899
759	36205.0496435174	0.0501518943869764	0.050673930586060074	24834.228561581258
760	19015.653096176775	0.016149621834403712	0.03611570860516487	12073.750410553705
761	30397.9065708761	0.13147988251350698	0.0944170993002186	41388.906359982626
762	30511.62615369774	0.14843810012716782	0.26415987446104794	14389.236922726584
763	39148.832353966216	1.212276622631778	0.04599354108420741	19248.175403606307
764	27751.12150324957	0.06425620709506545	0.01129166771738242	38326.71142708416
765	7242.812002707765	0.015036216936625798	0.06825812062987567	3718.764471651494
766	40087.404164378175	0.01378024120964099	0.04137281725359582	26383.73106998539
767	16436.299508626045	1.327509833027478	0.1141496704653047	10087.743614116367
768	39686.76253751059	0.030025346472590034	0.09584278008049449	31554.110449903306
769	44675.03034876247	0.025442795115159504	1.9778051427610794	26518.620963680267
770	16895.880110405178	1.5643982097708158	3.449123533847013	44379.73369496241
771	1115.1904173431917	0.3340178384356806	3.388245893363793	39517.5629089296
772	9472.52696766421	1.857641935670551	1.3829137559258131	24312.77341331181
773	33712.88128622944	0.044902603812864296	0.03896832181739103	32811.48199651539
774	3080.1949912992436	1.0576394149252166	0.06531356823673193	46965.02077849336
775	44462.48688437867	0.026085631258168755	0.023462946708237536	37134.91466985058
776	35626.51476806861	0.7334743748154123	0.41476322129601545	22831.817646479325
777	24445.133959140032	0.8855618060379502	1.8512121192749045	27162.897731459747
778	10161.76804538992	0.020847976593746535	0.029782489990267336	4565.6348730313
779	27475.140328275327	1.0599526910576333	0.05232603148770954	6477.381963818554
780	9210.805190940002	1.9136250927573863	0.15882518264578774	26786.467499842143
781	40908.27762108709	1.632038201680789	0.049183410795513874	42188.19778025612
782	41621.6270424356	0.014410638871022056	0.13457421500167063	21172.497130378786
783	35783.671613632294	1.2879908579441728	2.1165628459232817	18849.543109414055
784	22337.613697971716	0.04166651234525845	0.05644365994900458	22718.38298528641
785	25212.134090369607	0.8454516404763806	1.3891501039325946	30099.235189839128
786	16782.189991116116	0.020574507612867166	0.7854520774193344	22778.217043268272
787	38086.180917309495	0.16942629557909825	0.17875343301600802	17270.056356889727
788	5990.760952474251	0.1675613029362966	0.010186435390734333	18687.53726523446
789	10276.780011159284	0.020523780308926355	0.03163559440423395	2739.650799895503
790	7626.826897401385	0.5837967695985762	0.4548171463901931	23703.116538124923
791	29561.57748747789	0.02205947860735169	0.03957843910824053	43369.08940502608
792	17046.522792576587	1.749533877228875	0.05166192808057505	23550.87737556055
793	3830.160639867997	1.3892542488696906	0.1516885326151695	22732.016028427133
794	37891.471101052535	0.022998331180496445	0.3366545077148039	45659.13179649381
795	10756.150804556673	0.012896197384526185	2.0844130084861825	40386.12398995588
796	20111.119721079085	0.01206019023628065	2.1205284697111177	3059.237290418699
797	30243.317368268494	0.3934767969847853	2.012442243001705	14817.915190749089
798	46700.55395169965	0.36360704672006433	0.02875526193969864	44217.834709664465
799	7354.410530078876	0.4464782237704334	1.2220134944031025	13317.542333623243
800	20438.020957483044	0.5271963093682028	0.2005038937989931	1481.1961746918755
801	33212.26947008247	0.29733036215954595	1.7559708142149857	39266.903860018756
802	36598.4866439993	0.20012112873030075	1.937980768227107	34519.33435146665
803	12111.53524233886	1.6388654873253778	1.218866520498802	24578.310115047596
804	24382.18829889692	0.04382589240336736	0.8580394452111917	19737.719647070673
805	2572.9816621434156	0.01552488952996343	2.9073060007533678	13454.825414979941
806	49089.0390047524	0.14850769512225465	0.03335655567771225	19867.83918066083
807	28223.308634976347	1.4906994462030967	0.37703002217223125	41819.3115952089
808	14262.07191964769	0.023476806631309417	1.3046137855086395	42092.905379289085
809	9268.449885967906	0.5535179248010283	3.0094045176905952	33634.927032730375
810	8406.922838075945	0.02709817848026158	1.8489337884383859	4488.081793127525
811	17893.834671785367	0.18618780512721067	0.06184060680581856	22803.904004845295
812	12382.634910065597	0.05254333216734267	0.7323495607236599	18133.19359356547
813	33752.972043146205	0.04101282876081834	0.7652083391755848	8119.429683732911
814	19632.628797376765	0.6480972308324217	0.15972675986631446	34409.838451123316
815	8564.986277447158	0.014617062015827558	2.3807838189731325	44726.57982225792
816	31277.463249018685	0.30302068708175983	3.168985558175746	42405.76831016106
817	30525.269518311557	0.020738862714291338	0.011162614735645978	47609.832220828954
818	12322.152602775657	1.4250281543477703	1.6542063157625055	27412.39956735841
819	22723.03181832759	0.017938339853295827	2.451018825345529	33052.5615000008
820	44849.0883905916	0.597204818204472	0.07596755075360476	15154.694152000651
821	16421.944616198503	1.334781197242469	1.3268798524533716	30830.25030022369
822	18932.712263281548	0.27822442161696875	0.08016973671609467	48107.19843488795
823	48915.82403104642	0.11250620789186062	3.6265706566645903	36855.84138421183
824	30068.973276557645	0.04175093179501066	0.7696323221887994	10906.24569585414
825	7189.627446485491	0.01405627429915277	0.9740674721966993	9127.900450797106
826	46395.96216419257	0.04285049198098598	0.25721595678192644	8311.587455412464
827	12556.132436462984	0.08102964889861138	4.76454121453394	33564.35879004916
828	18239.314596543438	0.14983036180654513	0.12856962092993862	21508.63126401358
829	27279.234654878604	0.3807367636142992	0.519053410010344	40899.981594499404
830	19305.96924240545	0.6626901292489312	0.7300500784261001	34083.56274730598
831	30610.32346987338	0.25974311827416846	0.16005296843991612	13805.38217146008
832	48755.328643834786	0.7762045527456768	1.3825474068077372	43601.35248888427
833	22437.980493657513	0.024243755962417547	0.1186437295989004	11023.62680999376
834	2548.8231567591697	0.016372182839932036	1.1916320347019222	29182.984721758894
835	48689.44788298681	0.13734394706646627	0.01883815611093193	33329.47015966309
836	20923.095709801077	0.1765132033887084	3.6840727326275435	33661.282879897226
837	41021.42867819153	0.14718962731357332	0.7539401012115569	3040.2406933311017
838	33964.97264748491	0.42176323539882116	0.3693643148160641	19492.867641032673
839	31556.801326775963	0.1860828618426306	2.5138683042105234	35828.775036520645
840	48519.53102033625	0.6398519243903484	0.01525480683391826	45457.22748554709
841	35160.63961803419	1.8217637495991403	1.5444384997454341	1551.132875309033
842	23617.925161568306	0.5257001771680483	0.06055854451525435	36861.47353006144
843	38385.46866095708	0.013090560864238788	0.08280631184647477	6392.250873158984
844	33154.755986103606	0.015545625921997812	0.012971664316133391	27774.984140008764
845	49299.26683376639	0.011657972684796328	0.13127450415963626	24040.637346477222
846	32668.41187312655	0.05674587016442902	0.012224959758047027	26677.57268465059
847	16049.426216376067	0.021821823670178046	0.012340179829602385	44643.087445167526
848	18959.857298095216	0.9344175039852937	1.2534139414716419	18379.607023484674
849	21278.136587879115	0.011535195522718304	0.10024622932325664	3876.881886954325
850	36893.24052980873	0.05027937217534671	1.8475867821600502	41151.731987822306
851	24555.42809066054	0.4902860438595334	0.05186487419422161	20032.07876935586
852	22108.9388120715	0.08114239422422198	0.7605368321516249	27262.787482274198
853	8109.04431050163	1.7761764584556525	0.11841084400221535	20063.92319793448
854	32023.588096904692	0.3504997253155803	0.10056946933934464	19316.32264660996
855	6672.50529532917	0.027322880206184976	0.05553956894705232	37134.61422806462
856	22477.760594861327	0.016718353231213585	0.039457724724732225	12169.114647097984
857	12334.931165196558	0.026226820080438213	0.05101130442976335	6608.400178778671
858	32830.24720334001	1.4932190629877509	0.02213411977550773	33905.382929448046
859	34860.62287739143	0.5505344663617724	0.5376353268112949	12602.785930251543
860	31996.6602619142	1.839263470707723	0.12840825941914263	9155.701099085225
861	33472.90422342176	0.47364533003033593	0.8396250509867094	29610.06477439316
862	44158.072085781096	0.31524638931942495	0.45179988765769147	6703.64865198229
863	48665.28647019989	0.012853873135129083	3.905358086918293	5905.9612717825685
864	6921.982197509144	0.07146247192742773	0.1381345759612961	11482.114846930974
865	45110.33872579672	0.18536357894181893	2.694118391844841	49509.25402115404
866	47240.43816705349	0.0315726928909903	2.144815469109144	32228.483420114033
867	20796.685239235932	0.7643446793784054	0.7941916633207518	15095.183546007875
868	10162.968532500183	0.07671098809154647	0.8563953836537718	6457.224851141467
869	33540.321091057376	0.03127049388070792	0.31697855709824757	11211.790622305665
870	34906.21594264119	1.7932606530092714	3.2160015517542067	22140.68364799496
871	1062.650796527855	0.5176995213605339	0.10420364089732718	46536.52432296872
872	20518.252229622143	0.4338390812280528	0.3165943542807718	48743.67961098942
873	34186.37770957465	0.010212900694271694	0.06078856560437606	42127.175999492574
874	29018.75762514544	0.2604721140590297	0.3058482810647275	27666.46374260759
875	35626.332331317906	0.023935357781866076	0.7603339853461997	14500.869706835454
876	45313.79725727391	0.18260011697883527	0.015824219747939815	24626.440224951326
877	26314.803138136278	1.4906191944737441	0.5805768781653063	1219.8337450235722
878	15963.202598966594	0.05387591011109146	0.02781378890069302	25718.744747628803
879	31134.478075201194	0.020214713963281	0.11463061918533266	41861.74868346811
880	42317.25015884694	0.12219765088039443	0.017554837666196567	21017.537768915474
881	35855.496393281996	0.2129753378952474	1.7765546415325937	15876.371537145687
882	3561.649472634528	0.9075949608861242	4.0080040739580545	4515.334182628283
883	1409.8134191681784	0.09637278027831338	0.013994817166217999	32431.578154845487
884	36857.45955004722	0.02599205986342117	0.012523216561295143	49639.02233983646
885	15340.254559067189	0.9048791894772212	2.944007371923488	21656.689268783233
886	11730.691385580078	0.025282335064335068	0.6865411500263358	22869.657806581523
887	21493.399210497348	0.01113577454893156	0.019616033274200972	24826.805971573514
888	42035.97275722015	1.046722583342531	0.9217752647646584	23645.133512017394
889	29372.485580167555	0.04989215775914591	0.07366146875193375	20486.56125060702
890	44898.02292669904	0.21877818202304863	0.013223345707069718	9713.472793334286
891	38319.10917198236	0.12216877243012184	0.07402423904115447	3838.5371745985594
892	19155.684569221834	0.7655294198923984	0.23778331003037867	35393.59234927867
893	36386.59976064069	0.28216385469120825	2.3305319102532507	34866.856825929215
894	12184.423719653061	0.34070245948440125	0.01322081233929786	7479.459444681132
895	3747.523206976801	0.07045083189255708	0.7176030288471817	49074.86791519003
896	44581.17843694535	0.18526076955409296	0.01974559106492654	38251.77199067567
897	10455.005122040358	0.354279641843604	3.289699547577044	39648.57525032862
898	44898.63228167693	0.03477908664251387	0.09149603560129428	41865.5012311471
899	44487.09617923734	0.6188988848538566	0.1412794257626636	24290.714062932322
900	33669.94873699189	0.08431949239500496	0.018426066704699352	16605.01390603724
901	27216.756999294797	0.38794965935457626	0.19920577819573687	49549.356421065655
902	9677.248405936252	0.029020336282681903	0.08166600471895397	45576.41622234659
903	35577.79654991708	0.05094214060820849	0.014472555644589971	26376.009218215124
904	17779.38348515328	0.0146884404292809	0.016400784999771215	23562.899328874253
905	18864.55655376658	0.0345289460159317	4.210411262275342	5258.378855823008
906	32297.798231841738	0.019349784129560604	0.08823120770456884	2438.1388469750327
907	20731.854470539896	0.01061813714301913	0.41766513168457337	22500.098710368882
908	24809.911783286083	0.010427704485758338	2.5270419632582124	18264.889191986007
909	32409.27322321907	0.11186986015849053	0.03817120979455687	22117.953584038834
910	27064.939091888456	0.5919303426743884	0.2731642389037777	7164.033800217844
911	45839.73899087491	0.029120615049218288	0.1624793287546174	25817.489447739983
912	34789.30026324794	0.09799279333957789	2.1936438560074567	44505.18577482493
913	36114.63806300986	1.3020161857617916	0.039355894676813254	2382.807051133219
914	43244.6779304227	0.1123869250917384	0.042507113773383905	26267.05997534467
915	45883.468086915134	0.051152083370043275	2.4731607326718597	14633.481988218535
916	22439.82967374162	0.04309894939801943	0.2418231285693574	49317.23457134617
917	22400.610445163195	1.9135943035887666	0.6741940905381989	40882.381451615685
918	26883.06754671504	0.02004609239514372	0.49233744839717253	8982.16425250395
919	44555.407680875825	0.010410010463772226	0.05311513842795148	26879.979843589557
920	36260.5021838915	1.1682078290402702	0.5183063969638583	28544.374369711546
921	14285.75565172964	1.1899657620892616	0.7445332834587459	12276.171312925266
922	21021.326123826882	0.5486401677736877	0.16333634842180803	39120.360600668835
923	26699.903110626954	0.014706850128997482	3.527204554776383	25536.53582603512
924	14300.38285776737	0.7868426652671873	0.3319166489800848	7643.9844498881275
925	38082.006821828276	0.11519015318451559	0.014137077173624137	9862.946603321447
926	7314.603335474346	0.23395368487594714	0.010992252539558352	36519.08734637191
927	41257.12105434843	0.02779716824278244	1.4514402217295668	35660.3385862222
928	43735.89484813633	0.6031922506869704	4.897878270650481	3275.712256066085
929	3884.9726414210613	0.024676125946326937	2.608237135038296	31471.090229821817
930	25797.188155051666	0.18435510517843462	0.5375076598849793	4904.455116757127
931	32905.158347972014	1.336625098734624	0.2357720284298008	38810.62070110491
932	2022.1599816166795	0.49883965020684523	0.1919684397478288	13886.429419472102
933	4608.689001375231	0.018613866115090572	0.1298114105824997	42366.8834926647
934	12382.588739182014	0.0498291868477755	2.1343760924110864	33314.49735291238
935	35625.422347800486	0.4969846007923897	1.0832941495263726	12830.85125872518
936	9893.294724974043	0.593268948777721	1.9601821154393846	37558.68580663102
937	46809.95154843798	0.018104468342465263	0.04102638387572585	13392.102122915956
938	47020.22836751012	1.715037276269926	0.10034542507586217	21603.792430952675
939	9899.959714036982	0.5275219311923867	2.0190529697397954	38462.775299747525
940	9676.893906184892	0.018410848509472628	0.06006704184665708	37182.476668704
941	16225.205720776217	0.07318975319880015	3.852862470319404	38565.19106904676
942	5533.483102769983	1.913570258891168	1.3138741620547432	46914.37247391655
943	25315.115883129314	0.3594780159463266	0.4998516361665233	30155.78378663799
944	30042.773500378906	0.35510654078968806	0.5104778223296793	39922.98788779057
945	13579.381523924183	0.4720429499315258	0.026826429448075558	31844.183829164438
946	41888.38276503565	0.012445837611174093	0.18390331787258632	28944.02186264073
947	29598.35327890751	0.15263492413533528	0.32800074481631775	31444.83114039245
948	29705.963998597632	0.13337851935440814	0.17959945189373172	31053.754681260514
949	10053.56475934086	1.5290713856734	0.010827798732973666	15212.963228486744
950	3381.3667530809557	0.0120760357740185	2.8871164060168293	7502.538432938789
951	1467.3533539315358	0.03658329514426751	0.9366271070008072	22788.60451474781
952	31759.842116581454	0.2758816221837176	0.09776433130242117	11490.734779720033
953	13694.331548159858	0.6772444454382069	0.6775084691612344	5814.362356305553
954	44830.29168207197	0.22777875743012668	0.3503587584170799	49320.439975887144
955	39531.8477938395	0.011120504021843055	0.031467756007390366	43132.4269637145
956	23708.69621898887	0.04343261297937532	0.16395251539261538	33902.92061413242
957	16433.003523229425	0.051947147498167735	0.016371139871377782	31423.553378428343
958	12348.364827497027	0.3550288628740833	2.840835730951971	9344.409418654843
959	16754.805188906896	0.024117597728471538	0.028115237905784907	28875.1677509987
960	44030.10316148261	1.484193974026493	1.1895890018265358	17739.41591870904
961	28816.840390668025	0.04409560215192456	3.7744770162931798	13109.087896675223
962	11434.182363139795	1.9520509160389665	0.07047113268989935	43511.54692130992
963	7591.657757546035	0.5733931994825158	2.0835008565440485	41887.316316402335
964	18011.738967922785	0.06345330102247963	0.01175599119269774	30304.15755862761
965	4658.999869723213	0.935410064543075	4.604854283589356	32995.734931942454
966	31377.55157236174	0.045311655467537584	1.2447473579396646	10391.696073931433
967	40954.605763197724	0.10496541708612668	1.2413546732012133	39535.79179786977
968	23617.11047247274	0.010094562808358304	0.4249049897734022	20528.896090756683
969	12584.478753433244	0.01040686767280368	0.04448589946449032	12100.54577342918
970	33208.93191616956	0.03894377886663295	0.15810300260732685	10816.608668735222
971	8058.95501995084	1.9161597751170494	0.13815373873525613	22627.405641831177
972	8258.009986626927	0.2581267757323938	0.2857434625714485	37710.175383538604
973	26390.716299935008	0.06817654429420197	0.19795778807893957	13089.033262421635
974	13494.148913133178	0.10317347101868389	1.1239029991902478	43818.28683994466
975	46031.79089153829	0.016786281750893986	0.19612341157211335	1868.6858721176673
976	24015.430398822187	0.970877495193246	2.474610094664171	32442.975431131363
977	24391.89003192923	0.0318861857069504	3.881339567769407	7942.85145809903
978	30372.441782597038	0.03586351040632517	0.14037725731350303	19245.23797615263
979	23444.2814604628	0.021650419892006206	1.3010812559812976	30668.66089184758
980	42604.8194656413	0.02709672895686922	1.442189942677334	21873.372367152013
981	25928.57126133687	0.39619801089326856	0.7386854230879843	48580.179992201854
982	27936.635049331795	0.013141715263682718	0.38855874852236105	47912.502863245056
983	49759.20413432773	0.3942463772944446	0.010283649544565263	37226.05196614294
984	42815.37412016436	0.021924329514067448	3.6939255079928808	23945.62895946752
985	32154.24395801486	0.7318230754919395	0.783945578007154	35340.23579957828
986	37895.24307378928	0.02166897767345115	0.3159477363757642	39044.0863405777
987	32743.240981350988	0.02760749988938352	0.0530131103864637	20961.314062564823
988	36552.91195241805	0.38846410918269014	4.325907330968021	42766.44969637648
989	38718.23176451816	1.080176780695356	0.01589184784227322	30737.9273976832
990	49862.294893204504	0.09089921989493345	1.6418255988468602	30501.763440892508
991	6725.695471901902	0.5809984754529843	0.01085931774427388	26552.56198215622
992	39899.557418246564	1.5182476964884764	0.054399241613939275	16840.528517045077
993	23444.92589662041	0.021019027184166306	0.030546925142403487	27302.72101389727
994	16154.647141297199	0.36797375164404317	1.2882169390973137	28028.398732131638
995	47613.221612143374	0.7526249378498306	0.12527920974710655	38978.9594392664
996	20458.267212973748	1.8575657948448256	3.3041795478860783	48903.83673917342
997	34380.63108799084	0.013677220983214467	4.769364821592228	36651.81179846466
998	40887.16743115476	0.23335995790138941	3.4278678842758303	16836.035292499895
999	9836.052732751721	1.3823057705153357	0.2874302121864295	49572.649489406285
1000	41838.41579202001	0.06651346682799957	0.04611858981068161	44230.42721552582
1001	45000	0.1	0.25	25000	